0.254,5
0.16,5
0.12,5
0.24,5
0.16,5
0.0921818181818,5
0.0981,5
0.096,5
0.0999,5
0.0901818181818,5
0.0979,5
0.0993,5
0.0936363636364,5
0.096,5
0.106666666667,5
0.106666666667,5
0.121625,5
0.0865833333333,5
0.106666666667,5
0.173166666667,5
0.24,5
0.12,5
0.346333333333,5
0.254,5
0.254,5
0.16,5
0.12,5
0.24,5
0.16,5
0.0921818181818,5
0.0981,5
0.096,5
0.0999,5
0.0901818181818,5
0.0979,5
0.0993,5
0.0936363636364,5
0.096,5
0.106666666667,5
0.106666666667,5
0.121625,5
0.0865833333333,5
0.106666666667,5
0.173166666667,5
0.24,5
0.12,5
0.346333333333,5
0.1964,5
0.137142857143,5
0.0920909090909,5
0.0872727272727,5
0.0900909090909,5
0.096,5
0.096,5
0.148571428571,5
0.096,5
0.0981,5
0.0962,5
0.1001,5
0.0895454545455,5
0.1039,5
0.0993,5
0.106666666667,5
0.1005,5
0.0919090909091,5
0.1007,5
0.0851666666667,5
0.148,5
0.25325,5
0.0944545454545,5
0.1964,5
0.1964,5
0.137142857143,5
0.0920909090909,5
0.0872727272727,5
0.0900909090909,5
0.096,5
0.096,5
0.148571428571,5
0.096,5
0.0981,5
0.0962,5
0.1001,5
0.0895454545455,5
0.1039,5
0.0993,5
0.106666666667,5
0.1005,5
0.0919090909091,5
0.1007,5
0.0851666666667,5
0.148,5
0.25325,5
0.0944545454545,5
0.32,5
0.1992,5
0.173166666667,5
0.0944545454545,5
0.08275,5
0.0742857142857,5
0.0944545454545,5
0.0941818181818,5
0.1037,5
0.0975,5
0.1039,5
0.0989,5
0.0850833333333,5
0.096,5
0.1035,5
0.0987,5
0.0975,5
0.096,5
0.129875,5
0.0872727272727,5
0.32,5
0.32,5
0.173166666667,5
0.32,5
0.32,5
0.1992,5
0.173166666667,5
0.0944545454545,5
0.08275,5
0.0742857142857,5
0.0944545454545,5
0.0941818181818,5
0.1037,5
0.0975,5
0.1039,5
0.0989,5
0.0850833333333,5
0.096,5
0.1035,5
0.0987,5
0.0975,5
0.096,5
0.129875,5
0.0872727272727,5
0.32,5
0.32,5
0.173166666667,5
0.121875,5
0.243,5
0.1954,5
0.145142857143,5
0.0872727272727,5
0.0825833333333,5
0.08175,5
0.106666666667,5
0.1007,5
0.0865833333333,5
0.0865833333333,5
0.0865833333333,5
0.0926363636364,5
0.0875454545455,5
0.096,5
0.0944545454545,5
0.101,5
0.112,5
0.0992,5
0.1032,5
0.123625,5
0.322,5
0.12,5
0.121875,5
0.121875,5
0.243,5
0.1954,5
0.145142857143,5
0.0872727272727,5
0.0825833333333,5
0.08175,5
0.106666666667,5
0.1007,5
0.0865833333333,5
0.0865833333333,5
0.0865833333333,5
0.0926363636364,5
0.0875454545455,5
0.096,5
0.0944545454545,5
0.101,5
0.112,5
0.0992,5
0.1032,5
0.123625,5
0.322,5
0.12,5
0.096,5
0.163333333333,5
0.25975,5
0.0997,5
0.129875,5
0.0928181818182,5
0.0872727272727,5
0.093,5
0.0977,5
0.0765384615385,5
0.0920909090909,5
0.0900909090909,5
0.0909090909091,5
0.0932727272727,5
0.0944545454545,5
0.0985,5
0.106666666667,5
0.0872727272727,5
0.113222222222,5
0.115444444444,5
0.202,5
0.24,5
0.25975,5
0.096,5
0.096,5
0.163333333333,5
0.25975,5
0.0997,5
0.129875,5
0.0928181818182,5
0.0872727272727,5
0.093,5
0.0977,5
0.0765384615385,5
0.0920909090909,5
0.0900909090909,5
0.0909090909091,5
0.0932727272727,5
0.0944545454545,5
0.0985,5
0.106666666667,5
0.0872727272727,5
0.113222222222,5
0.115444444444,5
0.202,5
0.24,5
0.25975,5
0.192,5
0.12775,5
0.0707857142857,5
0.08,5
0.08175,5
0.0903636363636,5
0.0993,5
0.096,5
0.0967,5
0.0821666666667,5
0.0897272727273,5
0.0987,5
0.0805833333333,5
0.0904545454545,5
0.106666666667,5
0.12,5
0.0925454545455,5
0.106666666667,5
0.106666666667,5
0.109111111111,5
0.0872727272727,5
0.096,5
0.24775,5
0.192,5
0.192,5
0.12775,5
0.0707857142857,5
0.08,5
0.08175,5
0.0903636363636,5
0.0993,5
0.096,5
0.0967,5
0.0821666666667,5
0.0897272727273,5
0.0987,5
0.0805833333333,5
0.0904545454545,5
0.106666666667,5
0.12,5
0.0925454545455,5
0.106666666667,5
0.106666666667,5
0.109111111111,5
0.0872727272727,5
0.096,5
0.24775,5
0.334,5
0.1039,5
0.0872727272727,5
0.0944545454545,5
0.0877272727273,5
0.0872727272727,5
0.096,5
0.0895454545455,5
0.096,5
0.0790769230769,5
0.0865833333333,5
0.0975,5
0.12,5
0.0865833333333,5
0.106666666667,5
0.0962,5
0.0964,5
0.0986,5
0.0944545454545,5
0.0987,5
0.124875,5
0.108333333333,5
0.162333333333,5
0.334,5
0.334,5
0.1039,5
0.0872727272727,5
0.0944545454545,5
0.0877272727273,5
0.0872727272727,5
0.096,5
0.0895454545455,5
0.096,5
0.0790769230769,5
0.0865833333333,5
0.0975,5
0.12,5
0.0865833333333,5
0.106666666667,5
0.0962,5
0.0964,5
0.0986,5
0.0944545454545,5
0.0987,5
0.124875,5
0.108333333333,5
0.162333333333,5
0.2078,5
0.192,5
0.2078,5
0.12,5
0.0872727272727,5
0.096,5
0.1003,5
0.129875,5
0.0895454545455,5
0.0879090909091,5
0.1007,5
0.0986,5
0.096,5
0.108444444444,5
0.0931818181818,5
0.0865833333333,5
0.115444444444,5
0.0944545454545,5
0.137142857143,5
0.0982,5
0.342333333333,5
0.115444444444,5
0.2078,5
0.2078,5
0.2078,5
0.192,5
0.2078,5
0.12,5
0.0872727272727,5
0.096,5
0.1003,5
0.129875,5
0.0895454545455,5
0.0879090909091,5
0.1007,5
0.0986,5
0.096,5
0.108444444444,5
0.0931818181818,5
0.0865833333333,5
0.115444444444,5
0.0944545454545,5
0.137142857143,5
0.0982,5
0.342333333333,5
0.115444444444,5
0.2078,5
0.24,5
0.336,5
0.0934545454545,5
0.141142857143,5
0.1675,5
0.0877272727273,5
0.096,5
0.0944545454545,5
0.0939090909091,5
0.0546842105263,5
0.096,5
0.106666666667,5
0.096,5
0.0872727272727,5
0.096,5
0.096,5
0.096,5
0.0936363636364,5
0.1006,5
0.110222222222,5
0.0865833333333,5
0.111111111111,5
0.2056,5
0.24,5
0.24,5
0.336,5
0.0934545454545,5
0.141142857143,5
0.1675,5
0.0877272727273,5
0.096,5
0.0944545454545,5
0.0939090909091,5
0.0546842105263,5
0.096,5
0.106666666667,5
0.096,5
0.0872727272727,5
0.096,5
0.096,5
0.096,5
0.0936363636364,5
0.1006,5
0.110222222222,5
0.0865833333333,5
0.111111111111,5
0.2056,5
0.2034,5
0.0872727272727,5
0.12,5
0.106666666667,5
0.0883636363636,5
0.0885454545455,5
0.0820833333333,5
0.0909090909091,5
0.0964,5
0.08625,5
0.096,5
0.106666666667,5
0.0897272727273,5
0.1001,5
0.0885454545455,5
0.064,5
0.106666666667,5
0.096,5
0.107333333333,5
0.0988,5
0.173166666667,5
0.25525,5
0.148571428571,5
0.2034,5
0.2034,5
0.0872727272727,5
0.12,5
0.106666666667,5
0.0883636363636,5
0.0885454545455,5
0.0820833333333,5
0.0909090909091,5
0.0964,5
0.08625,5
0.096,5
0.106666666667,5
0.0897272727273,5
0.1001,5
0.0885454545455,5
0.064,5
0.106666666667,5
0.096,5
0.107333333333,5
0.0988,5
0.173166666667,5
0.25525,5
0.148571428571,5
0.173166666667,5
0.2078,5
0.106888888889,5
0.106666666667,5
0.0872727272727,5
0.0928181818182,5
0.115444444444,5
0.16,5
0.0930909090909,5
0.115444444444,5
0.1019,5
0.0986,5
0.0901818181818,5
0.096,5
0.0944545454545,5
0.0971,5
0.096,5
0.096,5
0.106666666667,5
0.110333333333,5
0.096,5
0.2078,5
0.2555,5
0.173166666667,5
0.173166666667,5
0.2078,5
0.106888888889,5
0.106666666667,5
0.0872727272727,5
0.0928181818182,5
0.115444444444,5
0.16,5
0.0930909090909,5
0.115444444444,5
0.1019,5
0.0986,5
0.0901818181818,5
0.096,5
0.0944545454545,5
0.0971,5
0.096,5
0.096,5
0.106666666667,5
0.110333333333,5
0.096,5
0.2078,5
0.2555,5
0.08,5
0.16,5
0.08,5
0.0886363636364,5
0.115444444444,5
0.0834166666667,5
0.1039,5
0.096,5
0.0906363636364,5
0.0865833333333,5
0.096,5
0.0944545454545,5
0.148571428571,5
0.0927272727273,5
0.0884545454545,5
0.0913636363636,5
0.0944545454545,5
0.0997,5
0.106666666667,5
0.106666666667,5
0.1039,5
0.112777777778,5
0.106666666667,5
0.08,5
0.08,5
0.16,5
0.08,5
0.0886363636364,5
0.115444444444,5
0.0834166666667,5
0.1039,5
0.096,5
0.0906363636364,5
0.0865833333333,5
0.096,5
0.0944545454545,5
0.148571428571,5
0.0927272727273,5
0.0884545454545,5
0.0913636363636,5
0.0944545454545,5
0.0997,5
0.106666666667,5
0.106666666667,5
0.1039,5
0.112777777778,5
0.106666666667,5
0.25975,5
0.08,5
0.08475,5
0.25975,5
0.0886363636364,5
0.0834166666667,5
0.0872727272727,5
0.0872727272727,5
0.106666666667,5
0.096,5
0.096,5
0.1007,5
0.0865833333333,5
0.096,5
0.0896363636364,5
0.106666666667,5
0.0928181818182,5
0.107444444444,5
0.129875,5
0.1039,5
0.137142857143,5
0.346333333333,5
0.2,5
0.25975,5
0.25975,5
0.08,5
0.08475,5
0.25975,5
0.0886363636364,5
0.0834166666667,5
0.0872727272727,5
0.0872727272727,5
0.106666666667,5
0.096,5
0.096,5
0.1007,5
0.0865833333333,5
0.096,5
0.0896363636364,5
0.106666666667,5
0.0928181818182,5
0.107444444444,5
0.129875,5
0.1039,5
0.137142857143,5
0.346333333333,5
0.2,5
0.346333333333,5
0.2052,5
0.096,5
0.0865833333333,5
0.096,5
0.0933636363636,5
0.0927272727273,5
0.115444444444,5
0.1001,5
0.0931818181818,5
0.0899090909091,5
0.108333333333,5
0.096,5
0.096,5
0.108555555556,5
0.0865833333333,5
0.0900909090909,5
0.169166666667,5
0.0986,5
0.096,5
0.115444444444,5
0.321666666667,5
0.173166666667,5
0.346333333333,5
0.346333333333,5
0.2052,5
0.096,5
0.0865833333333,5
0.096,5
0.0933636363636,5
0.0927272727273,5
0.115444444444,5
0.1001,5
0.0931818181818,5
0.0899090909091,5
0.108333333333,5
0.096,5
0.096,5
0.108555555556,5
0.0865833333333,5
0.0900909090909,5
0.169166666667,5
0.0986,5
0.096,5
0.115444444444,5
0.321666666667,5
0.173166666667,5
0.346333333333,5
0.248,5
0.333333333333,5
0.2078,5
0.2072,5
0.096,5
0.257,5
0.106666666667,5
0.198,5
0.096,5
0.106666666667,5
0.106666666667,5
0.24,5
0.346333333333,5
0.197,5
0.0965,5
0.0865833333333,5
0.1625,5
0.192,5
0.1011,5
0.16,5
0.346333333333,5
0.0865833333333,5
0.346333333333,5
0.346333333333,5
0.248,5
0.333333333333,5
0.2078,5
0.2072,5
0.096,5
0.257,5
0.106666666667,5
0.198,5
0.096,5
0.106666666667,5
0.106666666667,5
0.24,5
0.346333333333,5
0.197,5
0.0965,5
0.0865833333333,5
0.1625,5
0.192,5
0.1011,5
0.16,5
0.346333333333,5
0.0865833333333,5
0.32,5
0.0685714285714,5
0.148571428571,5
0.0793846153846,5
0.0982,5
0.173166666667,5
0.141,5
0.0865833333333,5
0.096,5
0.096,5
0.0865833333333,5
0.0886363636364,5
0.096,5
0.096,5
0.0944545454545,5
0.0921818181818,5
0.128625,5
0.0902727272727,5
0.1039,5
0.24,5
0.148571428571,5
0.258,5
0.25975,5
0.32,5
0.32,5
0.0685714285714,5
0.148571428571,5
0.0793846153846,5
0.0982,5
0.173166666667,5
0.141,5
0.0865833333333,5
0.096,5
0.096,5
0.0865833333333,5
0.0886363636364,5
0.096,5
0.096,5
0.0944545454545,5
0.0921818181818,5
0.128625,5
0.0902727272727,5
0.1039,5
0.24,5
0.148571428571,5
0.258,5
0.25975,5
